0 1.000 1.000 0.000 0.000 0.000
1 1.841 1.253 0.056 0.348 0.000
2 2.285 1.607 0.123 0.733 0.002
3 2.571 2.041 0.203 1.169 0.004
4 2.812 2.541 0.300 1.670 0.008
5 3.059 3.096 0.414 2.249 0.013
6 3.337 3.702 0.546 2.915 0.020
7 3.655 4.356 0.698 3.681 0.029
8 4.018 5.060 0.870 4.555 0.040
9 4.428 5.814 1.062 5.548 0.054
10 4.889 6.626 1.276 6.673 0.071
11 5.402 7.499 1.513 7.941 0.091
12 5.972 8.442 1.773 9.364 0.115
13 6.603 9.462 2.058 10.959 0.143
14 7.299 10.570 2.369 12.739 0.175
15 8.067 11.776 2.710 14.723 0.212
16 8.914 13.091 3.083 16.931 0.253
17 9.847 14.529 3.490 19.382 0.301
18 10.875 16.103 3.934 22.102 0.355
19 12.008 17.830 4.420 25.116 0.415
20 13.257 19.725 4.952 28.454 0.483
21 14.633 21.808 5.534 32.147 0.559
22 16.150 24.099 6.172 36.231 0.644
23 17.823 26.620 6.871 40.746 0.738
24 19.667 29.395 7.638 45.735 0.844
25 21.701 32.453 8.480 51.245 0.960
26 23.943 35.822 9.406 57.331 1.090
27 26.416 39.535 10.422 64.051 1.233
28 29.143 43.628 11.540 71.469 1.392
29 32.151 48.141 12.770 79.656 1.569
30 35.469 53.116 14.124 88.693 1.763
31 39.128 58.603 15.615 98.666 1.979
32 43.164 64.654 17.256 109.670 2.217
33 47.616 71.328 19.064 121.812 2.480
34 52.527 78.688 21.056 135.210 2.770
35 57.944 86.805 23.252 149.991 3.091
36 63.918 95.758 25.671 166.298 3.446
37 70.508 105.632 28.338 184.289 3.837
38 77.777 116.523 31.278 204.136 4.269
39 85.795 128.535 34.520 226.031 4.745
40 94.638 141.782 38.094 250.183 5.271
41 104.391 156.393 42.035 276.826 5.851
42 115.149 172.506 46.380 306.216 6.492
43 127.013 190.277 51.172 338.635 7.198
44 140.099 209.874 56.456 374.394 7.978
45 154.529 231.485 62.282 413.837 8.838
46 170.444 255.316 68.708 457.342 9.787
47 187.994 281.594 75.793 505.327 10.833
48 207.347 310.569 83.606 558.252 11.988
49 228.687 342.516 92.222 616.623 13.261
50 252.217 377.737 101.722 681.000 14.666
51 278.160 416.566 112.197 751.997 16.215
52 306.763 459.370 123.746 830.294 17.924
53 338.296 506.551 136.480 916.637 19.809
54 373.057 558.552 150.519 1011.850 21.887
55 411.372 615.862 165.995 1116.839 24.180
56 453.603 679.015 183.056 1232.602 26.708
57 500.144 748.598 201.861 1360.238 29.496
58 551.431 825.258 222.588 1500.956 32.570
59 607.940 909.702 245.431 1656.087 35.960
60 670.196 1002.705 270.602 1827.096 39.697
61 738.773 1105.119 298.338 2015.593 43.818
62 814.301 1217.874 328.894 2223.347 48.361
63 897.473 1341.989 362.553 2452.305 53.369
64 989.042 1478.579 399.625 2704.605 58.889
65 1089.838 1628.858 440.449 2982.593 64.974
66 1200.765 1794.155 485.396 3288.848 71.680
67 1322.811 1975.914 534.874 3626.195 79.069
68 1457.053 2175.710 589.326 3997.735 87.212
69 1604.666 2395.253 649.239 4406.864 96.183
70 1766.929 2636.396 715.142 4857.302 106.065
71 1945.231 2901.150 787.612 5353.119 116.949
72 2141.079 3191.686 867.280 5898.765 128.936
73 2356.106 3510.345 954.827 6499.101 142.133
74 2592.078 3859.646 1050.997 7159.429 156.661
75 2850.898 4242.291 1156.593 7885.531 172.651
76 3134.614 4661.169 1272.484 8683.701 190.246
77 3445.426 5119.362 1399.610 9560.781 209.600
78 3785.685 5620.137 1538.981 10524.199 230.885
79 4157.899 6166.949 1691.682 11582.004 254.286
80 4564.733 6763.432 1858.876 12742.907 280.004
81 5009.003 7413.384 2041.802 14016.312 308.258
82 5493.676 8120.751 2241.781 15412.350 339.286
83 6021.857 8889.602 2460.210 16941.914 373.345
84 6596.777 9724.093 2698.565 18616.677 410.714
85 7221.773 10628.429 2958.390 20449.122 451.691
86 7900.265 11606.813 3241.302 22452.549 496.601
87 8635.723 12663.380 3548.971 24641.082 545.789
88 9431.630 13802.127 3883.121 27029.662 599.628
89 10291.435 15026.829 4245.506 29634.031 658.513
90 11218.496 16340.939 4637.900 32470.693 722.867
91 12216.019 17747.481 5062.074 35556.871 793.138
92 13286.985 19248.930 5519.771 38910.428 869.799
93 14434.065 20847.086 6012.679 42549.783 953.349
94 15659.535 22542.936 6542.399 46493.794 1044.309
95 16965.181 24336.518 7110.407 50761.622 1143.224
96 18352.193 26226.782 7718.015 55372.566 1250.660
97 19821.068 28211.456 8366.327 60345.878 1367.197
98 21371.503 30286.926 9056.199 65700.547 1493.434
99 23002.296 32448.131 9788.183 71455.071 1629.977
100 24711.260 34688.480 10562.489 77627.195 1777.437